p (370, 330) laser -10000
f rose 1 (50, 50) bouleRouge
f rose 1 (600, 50) bouleRouge
f rose 1 (60, 600) bouleRouge
f rose 1 (600, 600) bouleRouge

50,50 50,340
50,340 150,340
150,340 150,200
150,200 200,200
200,200 200,300
200,300 260,300

600,50 300,50
300,50 300,100
300,100 410,100
410,100 410,150
410,150 320,150
320,150 320,260

600,600 600,300
600,300 550,300
550,300 550,500
550,500 500,500
500,500 400,500
400,500 400,430

50,600 300,600
300,600 300,500
300,500 150,500
150,500 150,420
150,420 260,420

260,260 430,260
430,260 430,430
430,430 260,430
260,430 260,260

350,260 350,430
320,330 380,330

Bonus 2, tirer juste et rapide!
c 40 248 152 100
e 20
r 2
b -1