p (80, 50)
f rouge 1 (600, 600)
f bleu 1 (600, 600)
f orange 1 (600, 600)
f rose 1 (600, 600)
50,50 300,50
360,50 600,50
50,50 50,180
170,50 170,530
300,50 300,120
360,50 360,120
490,50 490,530
600,50 600,180
50,120 600,120
50,180 170,180
230,180 300,180
360,180 420,180
490,180 600,180
230,120 230,180
420,120 420,180
300,180 300,240
360,180 360,240
230,240 420,240
330,240 330,350
230,240 230,410
230,350 420,350
420,240 420,410
50,300 600,300
50,410 300,410
360,410 600,410
50,410 50,470
50,470 100,470
100,470 100,530
50,530 170,530
300,410 300,470
360,410 360,470
230,470 230,530
420,470 420,530
230,530 300,530
360,530 420,530
300,530 300,600
360,530 360,600
50,530 50,600
50,600 600,600
170,470 490,470
600,410 600,470
550,470, 600,470
550,470 550,530
490,530 600,530
600,530 600,600

Map classique, manger tous les fromages pour gagner!
c 0 0 255 255
e 1
r 2
b 0


