p (80, 50) laser -30000
f rouge 1 (600, 590) bouleRouge
f bleu 1 (600, 590) bouleRouge
f orange 1 (600, 590) bouleRouge
f rose 1 (600, 590) bouleRouge
50,50 100,50
50,50 50,100
50,100 600,100
100,50 100,600
550,50 600,50
600,50 600,100
550,50 550,600
50,550 50,600
50,600 100,600
50,550 600,550
600,550 600,600
600,600 550,600
300,100 300,50
100,300 50,300
300,550 300,600
550,300 600,300
50,300 450,300
300,100 300,300
400,100 400,600
100,150 600,150
100,200 600,200
100,250 600,250
130,50 130,330
50,440 330,440
450,450 630,450

Map 2 tous les power ups possible!
c 125 255 125 255
e 2
r 1
b 15
v 2 3 4 5