p (80, 50)
f rouge 1 (600, 600)
f orange 1 (600, 600)
f bleu 1 (600, 50)
f orange 1 (600, 600)

50,50 220,50
290,50 350,50
420,50 600,50
50,50 50,360
50,360 100,360
100,360 100,420
100,420 50,420
50,420 50,600
50,600 600,600
600,600 600,420
600,420 550,420
550,420 550,360
550,360 600,360
600,360 600,50
160,50 160,170
50,110 160,110
220,110 290,110
220,110 220,50
290,170 290,50
350,50 350,170
350,170 530,170
530,170 530,220
350,110 420,110
420,110 420,50
480,50 480,170
480,110 600,110
110,170 290,170
110,170 110,220
50,220 600,220
220,170 220,400
160,220 160,480
160,480 50,480
110,480 110,530
110,530 220,530
50,300, 160,300
480,300 600,300
420,170 420,400
480,220 480,480
160,400 290,400
290,400 290,530
290,530 350,530
350,530 350,400
350,400 480,400
220,600 220,450
220,450 420,450
420,450 420,600
420,530 530,530
530,530 530,480
480,480 600,480
320,220 320,340
220,280 420,280
220,340 420,340

Map 4, classique avec étoile seulement!
c 0 0 255 255
e 1
r 2
b 0
d 35
v 4


