p (80, 50)
f rouge 1 (590, 600)
f rose 1 (590, 600)
f bleu 1 (600, 80)
f orange 1 (590, 600)

50,50 600,50
600,50 600,600
600,600 50,600
50,600 50,50

100,100 550,100
550,100 550,550
550,550 100,550
100,550 100,100

150,150 500,150
500,150 500,500
500,500 150,500
150,500 150,150

200,200 450,200
450,200 450,450
450,450 200,450
200,450 200,200

250,250 400,250
400,250 400,400
400,400 250,400
250,400 250,250

290,290 360,290
360,290 360,360
360,360 290,360
290,360 290,290

50,330,600,330
330,50 330,600

Préparez-vous à manipuler le temps!
c 255 255 255 20
e 2
r 1
b 8
v 2



