p (50, 50)
f rouge 1 (600,590)
f rose 1 (600,590)
f bleu 1 (600,590)
f orange 1 (600,590)

50,50 150,50
150,50 150,180
150,180 360,180
360,100 360,220
360,220 320,220
320,220 320,350
320,350 360,350
360,350 360,260
240,260 320,260
360,100 450,100
450,100 450,50
450,50 320,50
320,50 320,140
320,140 190,140
190,140 190,50
190,50 240,50
240,50 240,100
240,100 280,100
280,100 280,50

50,50 50,140
50,140 30,140
50,100  110,100
110,100 110,180
110,180 50,180
50,180 50,300
50,300 110,300
110,220 110,350
50,350 150,350
150,350 150,220
50,350 50,400
50,400 190,400
190,400 190,350
190,350 240,350
240,350 240,480
240,480 190,480
190,480 190,530
190,530 280,530
280,530 280,600
280,600 400,600
400,600 400,570
400,570 320,570
320,570 320,440
320,440 280,440
280,440 280,480

280,570 240,570
240,570 240,600
240,600 190,600
190,600 190,570
190,570 150,570
150,570 150,600
150,600 50,600
50,600 50,440
50,440 110,440
110,440 110,570
110,480 150,480
150,530 150,440
150,440 200,440

280,180 280,220
280,220 190,220
190,220 190,300
190,300 280,300
280,300 280,400
280,400 400,400
400,400 400,260
400,260 450,260
450,260 450,440
450,440 360,440
360,440 360,520
360,520 400,520
400,520 400,480
400,480 450,480
450,480 450,600
450,600 490,600
490,600 490,520
490,520 530,520
530,520 530,400
490,480 490,440
490,440 530,440
490,400 570,400
570,400 570,570
570,570 530,570
530,570 530,600
530,600 600,600
600,600 600,570

400,140 400,220
400,220 450,220
450,220 450,140
450,140 490,140
490,140 490,50
490,50 600,50
600,50 600,100
600,100 530,100
530,100 530,300
530,300 600,300
600,300 600,260
600,260 570,260
570,200 570,130
570,130 600,130
600,130 600,230

530,180 490,180
490,180 490,400
490,350 600,350
600,350 600,520
600,520 630,520

530,230 600,230

Labyrinthe!
c 34 139 34 100
e 20
r 2
b 5
v 4 5



