p (100, 100)
f orange 1 (240,200)
f orange 1 (260,100)
f orange 1 (340,100)
f orange 1 (420,300)
f orange 1 (550,200)

100,100 100,50
50,50 100,50
50,50 50,600
600,600 50,600
600,600 600,500
600,500 50,500
50,100 50,600

50,330 680,330

70,500 70,510
70,510 80,510
80,510 90,510
90,510 90,520
90,520 100,520
100,520 100,530
100,530 110,530
110,530 110,540
110,540 120,540
120,540 120,550
120,550 130,550
130,550 130,560
130,560 140,560
140,560 140,570
140,570 150,570
150,570 150,580
150,580 160,580
160,580 160,590
160,590 170,590
170,590 170,600
130,550 600,550
500,500,500,600
400,600 400,500
300,600 300,500

100,300 100,50
100,50 180,50
180,50 180,150
180,150 100,150

230,300 230,100
230,100 270,100
270,100 270,300
230,200 270,200

320,100 320,300
320,300 360,300
320,100 360,100

410,100 490,100
490,100 490,300
450,100 450,300
410,100 410,300

540,300 540,100
540,100 580,100
580,100 580,300
540,200 580,200

630,100 680,100
680,100 680,300
630,100 630,300


Map 6, Labyrinthe!
flash 2000 200 250,450 50 true 
0,0,255,255
_nbEloignementPourAiRose 20 (nombre deloignement du rose)
_recalculeLeCheminTousLesXFois 2 (recalcule le chemin du rose tout les x intersection)
pas oublier de setter _deathPoint dans fantome.h a la valeur du spawn point
